/*********************************************
 * OPL 20.1.0.0 Data
 * Author: margauxschmied
 * Creation Date: 15 mars 2022 at 10:27:42
 *********************************************/

 nbConnection=13;
 c=25;
 connection=[[-1, 1.8, -1, -1, -1, -1, 1, -1, -1, -1, -1, -1, 5.4], 
 			[1.8, -1, 1.7, -1, 7, -1, 2, 2, -1, -1, -1, -1, 3],
 			[-1, 1.7, -1, 2, -1, -1, -1, -1, -1, 6.5, -1, -1, -1], 
 			[-1, -1, 4, 1, 2, -1, -1, -1, -1, -1, -1, -1, -1],
 			[-1, 7, -1, 1, -1, -1, -1, 5, -1, 1, 1.5, -1, -1], 
 			[-1, -1, -1, 2, -1, -1, -1, -1, -1, -1, 2.1, -1, -1],
 			[1, 2, -1, -1, -1, -1, -1, -1, -1, -1, -1, 2, -1],
 			[-1, 2, -1, -1, 5, -1, -1, -1, -1, -1, -1, -1, 0.7],
 			[-1, -1, -1, -1, -1, -1, -1, 2, -1, 1.1, -1, -1, -1],
 			[-1, -1, -1, -1, -1, -1, -1, -1, 1.1, -1, 1, -1, -1],
 			[-1, -1, -1, -1, 1.5, 2.1, -1, -1, -1, 1, -1, -1, -1],
 			[-1, 3, -1, -1, -1, -1, 2, -1, -1, -1, -1, -1, 2.5],
 			[5.4, -1, -1, -1, -1, -1, -1, 0.7, -1, -1, -1, 2.5, -1]];